.Random.seed <-
c(403L, 123L, 1400431767L, 1302061102L, -629354642L, -629014335L, 
-23209273L, 66881512L, 2141261485L, -1234483532L, -1871122417L, 
-1020096289L, -248281247L, -328190448L, -853650326L, 1745034587L, 
761991655L, -181700771L, -189503248L, -657092889L, 1852025031L, 
-1448167217L, -1606077011L, 1190296573L, -1004336553L, -1601466694L, 
-1634272799L, -1016019424L, 2121520360L, 525273705L, -482190096L, 
685851153L, 2141019902L, 1338563039L, -642048756L, 155061761L, 
-146002580L, 500170957L, -450172597L, 1519426809L, -683670249L, 
-64047570L, -183201407L, -1222231785L, 1043808807L, 1960575507L, 
919676146L, -1746833493L, -802123533L, 1968751373L, 660257466L, 
1539983126L, 1185874956L, 199346200L, 676592137L, -2110014259L, 
1856424978L, 1389701208L, 1684425487L, -2082035115L, 888222560L, 
2102492624L, -1504843427L, 234765309L, 650520200L, 1438678337L, 
1552970649L, 384841116L, 897419406L, 387294182L, -683151065L, 
1534845589L, -73678949L, -2043162043L, 1168477380L, -1609024842L, 
879928524L, 481353973L, 147108601L, -1912183082L, 1784399367L, 
560604095L, -285025339L, 942906155L, -987989004L, 1855274212L, 
1808340845L, 1569096734L, -1376200370L, 1493783231L, 1476232286L, 
-893533281L, 228562018L, -1455864226L, -1668339880L, -390854173L, 
-1163375280L, 644429048L, 113755770L, 738328754L, 1426944719L, 
-858816179L, -1565102627L, 2057233559L, 480489925L, -481846003L, 
2072921025L, -671332167L, 1270050819L, 694691044L, -239151048L, 
-1695968227L, 1207351157L, -1807124825L, 512440353L, 832111266L, 
506894503L, -1356436931L, -936363493L, -743243799L, -515130954L, 
-141953233L, 1042917051L, 1756121519L, 1962676366L, 1764200816L, 
1068622823L, 493889278L, -372111627L, -1399339815L, -1991892188L, 
-477565825L, 629324210L, 238261274L, 167039369L, -199834761L, 
1036628832L, 1778223796L, 1517764121L, -874349312L, -2131985276L, 
2071152623L, 1837446620L, 1978724279L, 267793463L, -1946236909L, 
439799267L, 503398867L, 1320777815L, 576504440L, 1230244791L, 
-165311396L, 1117821404L, -1494595509L, 2126789708L, 734466558L, 
-821718845L, 144908468L, 1335832171L, 1307800905L, -446401525L, 
-290823372L, -777254013L, -1114569798L, -2062020682L, 2029611088L, 
72091273L, -2124246159L, 1018650292L, 455690479L, -1466855095L, 
2028906787L, 1588691928L, 1093532220L, -1887314285L, -239288885L, 
-1808999162L, 1924169581L, 1035164976L, 2025587471L, 259268386L, 
528312259L, -631503594L, -53282646L, -1019644105L, -1299557738L, 
1452665171L, -1071605191L, 613609507L, 1221600262L, -1717001175L, 
-1510348244L, 1468095932L, 395340375L, -1578603743L, 115188993L, 
1605044191L, -1532353659L, 477833284L, 1772588855L, 469020273L, 
-558757796L, -2134704248L, -77916472L, 209359041L, 1564813934L, 
-645425944L, 617016667L, -944685287L, 1305721116L, -1985802578L, 
-1614075461L, 656533918L, 820550755L, 1452486877L, 1683510747L, 
-287458502L, 1901040436L, 673858396L, -1945325303L, -1770770914L, 
365397624L, -607612265L, -114049973L, 198592616L, -1017123971L, 
-127039176L, -361571538L, -1949941116L, -312320462L, -1022898483L, 
-2018333966L, 2016442488L, 81083056L, -1559520383L, 1693617141L, 
-751390568L, 906059360L, 492508235L, -455678144L, -1909997452L, 
196843513L, 116111754L, 1228262776L, 626035161L, 1480654457L, 
-1750534141L, -979751029L, 1515589299L, 1724429489L, 287809977L, 
2020397192L, -171493362L, 1534919977L, 1987091968L, -1119693367L, 
-1571768658L, -1574699425L, 1359731126L, 1475257878L, -26092695L, 
2137888356L, -1398532964L, 202079122L, -1434760568L, -896812027L, 
657483657L, 51882723L, -1832499296L, -1016975948L, 924293273L, 
-466880815L, 1058892067L, -416892995L, 350338190L, 370310978L, 
1055656071L, -598915747L, 1833283708L, -2034976504L, 171897646L, 
-1776177828L, 2106490341L, 1266372694L, -871623118L, -2037804785L, 
-1616000854L, -2040598538L, -864559779L, 371097573L, 351735478L, 
1675346782L, -470897257L, 1920723808L, 640383294L, -824397988L, 
81739281L, -307094081L, 1109214780L, 1063105934L, 114527929L, 
-688500581L, 1398904436L, -697841475L, 2000431506L, 539356468L, 
1298028089L, 707051745L, -1599894851L, 241856066L, -159044285L, 
-219041293L, 729868354L, -1769426450L, -1712438200L, 1958703038L, 
-569383304L, 750269523L, -2061444050L, -674731429L, 543891274L, 
1811221379L, -1790350893L, -1822668115L, 258700655L, 1812909401L, 
1068333170L, 146558385L, 2063338904L, -1101423809L, 1949860308L, 
-1556522525L, 2119256021L, 949553333L, -596505057L, 558301182L, 
895801234L, 1297376683L, -1175515809L, -2070053722L, 1168605592L, 
-1671893037L, -1424627296L, 1640689616L, 633613268L, 332349225L, 
-1284752572L, 458130652L, -1367486760L, -534544281L, -969050934L, 
1006034425L, 1245811932L, 618790307L, -1110504914L, -576807653L, 
-1206852592L, -513993124L, -636898939L, -228713924L, 465085425L, 
-1806617604L, 853015444L, 273236274L, -144436750L, -704051708L, 
-625612338L, -1532301648L, 47669087L, 1509511596L, 1888579956L, 
-1292380015L, 270667327L, 733804540L, -1366559994L, -906701065L, 
20233555L, -53814399L, 1043821676L, 58806117L, -787484632L, -137688375L, 
-1997445692L, 699674931L, 1246356760L, -1640125816L, -642367007L, 
176767660L, -1306582718L, 1974180381L, 415171604L, 1326293034L, 
-876082302L, 1841561507L, -1927620735L, 763903585L, 452253981L, 
961185645L, -967665228L, 674408575L, -407000379L, -1298730881L, 
-223680385L, 1867551884L, 1866651614L, 628178987L, 865876551L, 
1406619268L, 2145151311L, 2114628933L, -1642845294L, -1966533950L, 
-1435985442L, -1089747763L, 1970532069L, 2049545470L, -158177275L, 
-1594635977L, 1683079129L, -1237117169L, -1884348917L, -334409411L, 
1467089680L, -1598066912L, 634571913L, 1051292056L, -2038105252L, 
643310520L, -1443478089L, 812338735L, 836520008L, 640214925L, 
-1474100149L, -447269174L, 875786528L, 594332117L, 661626251L, 
877588842L, 509497858L, 1872374972L, 1834942233L, 1670736641L, 
-854264419L, -394043001L, -2081680995L, -1168507380L, 2102916068L, 
-2082039499L, -1451504167L, 480486689L, 217880526L, 492816425L, 
-1325445987L, -1248523728L, 1176224905L, -798596062L, 1572347635L, 
1996248261L, -1402693907L, -79483855L, -1256145288L, -1785008303L, 
1709884725L, 64859763L, 2081795494L, 1878498085L, 1933245548L, 
-1461047741L, -1622834073L, 217285780L, -1112101884L, -396046616L, 
-672678620L, 3941073L, -1153860744L, -1698172725L, -832887180L, 
-1580593074L, -1345241168L, 2000924442L, 1448130618L, 864053288L, 
-444207002L, 348979189L, 661522403L, -676899477L, -1705656119L, 
584287877L, -1033347516L, -1089350894L, 1731507818L, -358889807L, 
1310467104L, -363442549L, 401186709L, -256887500L, 1172559127L, 
1422385021L, -1210384540L, 1923769673L, -392390846L, 1532292989L, 
-2075879598L, -2139113979L, -523429365L, 134717208L, -1732033153L, 
-397701008L, 1796243747L, -1149420003L, 477291122L, -1226738541L, 
595941637L, -308131530L, 1450067271L, 55606327L, 1448778807L, 
-1553928709L, -1353020809L, -951601823L, 1364202824L, -948485743L, 
-1907043957L, 1288848334L, -430020297L, 731079429L, -2015002473L, 
-571049775L, 131064985L, 1773667748L, -803153981L, -732767193L, 
-91508894L, 1187131961L, -830272336L, -1548151250L, 2138563179L, 
1468448221L, -759646769L, -747351958L, -1146541128L, 775178692L, 
486177302L, 351621203L, 1589602807L, -788941198L, 752212040L, 
-1563078408L, -49646923L, -1512395039L, 1134001736L, 1566506739L, 
-918943862L, 1356726432L, 581633606L, 2126677440L, 355807986L, 
821501491L, 2137928809L, 1958428158L, -658829032L, 1669810681L, 
1857072833L, -370645027L, -226427787L, 1312669803L, -1369989410L, 
-492746624L, -816865280L, 281434445L, 825119817L, 500013228L, 
39655688L, -710544048L, 845131216L, -743134559L, -457939869L, 
-1192351650L, 1265330445L, -1863393800L, -756431113L, 1203353801L, 
-1325612606L, 1419834721L, -337886118L, 1744447258L, -1436307109L, 
1436172019L, 1919714390L, 2102781783L, -468760561L, 204428555L, 
289412820L, -218715102L, 1571113320L, 176652930L, 767060560L, 
-957466604L, 963183263L, -1868831030L, 1490440784L, -429321444L, 
501978597L, 864836431L, -1074382237L, 550505353L, -456601537L, 
